#### Example file of snaq_quartets.csv

qind,t1,t2,t3,t4,CF12_34,CF13_24,CF14_23,ngenes
1,ASM168700v1_Chenopodium_pallidicaule,ASM168702v1_Chenopodium_suecicum,ASM2450015v1_Chenopodium_formosanum,ASM4057146v1_Chenopodium_quinoa_quinoa,0.17346938775510204,0.22448979591836735,0.6020408163265306,98.0
2,ASM168700v1_Chenopodium_pallidicaule,ASM168702v1_Chenopodium_suecicum,ASM2450015v1_Chenopodium_formosanum,ASM4671844v1_Chenopodium_ficifolium,0.21348314606741572,0.3258426966292135,0.4606741573033708,89.0
3,ASM168700v1_Chenopodium_pallidicaule,ASM168702v1_Chenopodium_suecicum,ASM4057146v1_Chenopodium_quinoa_quinoa,ASM4671844v1_Chenopodium_ficifolium,0.6373626373626373,0.26373626373626374,0.0989010989010989,91.0
4,ASM168700v1_Chenopodium_pallidicaule,ASM2450015v1_Chenopodium_formosanum,ASM4057146v1_Chenopodium_quinoa_quinoa,ASM4671844v1_Chenopodium_ficifolium,0.6701030927835051,0.26804123711340205,0.061855670103092786,97.0
5,ASM168702v1_Chenopodium_suecicum,ASM2450015v1_Chenopodium_formosanum,ASM4057146v1_Chenopodium_quinoa_quinoa,ASM4671844v1_Chenopodium_ficifolium,0.7627450980392156,0.09803921568627451,0.1392156862745098,510.0
6,ASM168700v1_Chenopodium_pallidicaule,ASM168702v1_Chenopodium_suecicum,ASM2450015v1_Chenopodium_formosanum,ASM4671852v1_Chenopodium_opulifolium,0.14444444444444443,0.5444444444444444,0.3111111111111111,90.0
7,ASM168700v1_Chenopodium_pallidicaule,ASM168702v1_Chenopodium_suecicum,ASM4057146v1_Chenopodium_quinoa_quinoa,ASM4671852v1_Chenopodium_opulifolium,0.07608695652173914,0.7608695652173914,0.16304347826086957,92.0
8,ASM168700v1_Chenopodium_pallidicaule,ASM2450015v1_Chenopodium_formosanum,ASM4057146v1_Chenopodium_quinoa_quinoa,ASM4671852v1_Chenopodium_opulifolium,0.05570291777188329,0.870026525198939,0.07427055702917772,377.0
9,ASM168702v1_Chenopodium_suecicum,ASM2450015v1_Chenopodium_formosanum,ASM4057146v1_Chenopodium_quinoa_quinoa,ASM4671852v1_Chenopodium_opulifolium,0.2068230277185501,0.15991471215351813,0.6332622601279317,469.0
10,ASM168700v1_Chenopodium_pallidicaule,ASM168702v1_Chenopodium_suecicum,ASM4671844v1_Chenopodium_ficifolium,ASM4671852v1_Chenopodium_opulifolium,0.060240963855421686,0.6265060240963856,0.3132530120481928,83.0
11,ASM168700v1_Chenopodium_pallidicaule,ASM2450015v1_Chenopodium_formosanum,ASM4671844v1_Chenopodium_ficifolium,ASM4671852v1_Chenopodium_opulifolium,0.2247191011235955,0.39325842696629215,0.38202247191011235,89.0
12,ASM168702v1_Chenopodium_suecicum,ASM2450015v1_Chenopodium_formosanum,ASM4671844v1_Chenopodium_ficifolium,ASM4671852v1_Chenopodium_opulifolium,0.19126819126819128,0.19126819126819128,0.6174636174636174,481.0
13,ASM168700v1_Chenopodium_pallidicaule,ASM4057146v1_Chenopodium_quinoa_quinoa,ASM4671844v1_Chenopodium_ficifolium,ASM4671852v1_Chenopodium_opulifolium,0.25274725274725274,0.10989010989010989,0.6373626373626373,91.0
14,ASM168702v1_Chenopodium_suecicum,ASM4057146v1_Chenopodium_quinoa_quinoa,ASM4671844v1_Chenopodium_ficifolium,ASM4671852v1_Chenopodium_opulifolium,0.06276150627615062,0.1192468619246862,0.8179916317991632,478.0
15,ASM2450015v1_Chenopodium_formosanum,ASM4057146v1_Chenopodium_quinoa_quinoa,ASM4671844v1_Chenopodium_ficifolium,ASM4671852v1_Chenopodium_opulifolium,0.12065439672801637,0.12474437627811862,0.754601226993865,489.0
16,ASM168700v1_Chenopodium_pallidicaule,ASM168702v1_Chenopodium_suecicum,ASM2450015v1_Chenopodium_formosanum,ASM4671857v1_Chenopodium_vulvaria,0.024390243902439025,0.012195121951219513,0.9634146341463414,82.0
17,ASM168700v1_Chenopodium_pallidicaule,ASM168702v1_Chenopodium_suecicum,ASM4057146v1_Chenopodium_quinoa_quinoa,ASM4671857v1_Chenopodium_vulvaria,0.024096385542168676,0.1686746987951807,0.8072289156626506,83.0
18,ASM168700v1_Chenopodium_pallidicaule,ASM2450015v1_Chenopodium_formosanum,ASM4057146v1_Chenopodium_quinoa_quinoa,ASM4671857v1_Chenopodium_vulvaria,0.023890784982935155,0.7337883959044369,0.24232081911262798,293.0
19,ASM168702v1_Chenopodium_suecicum,ASM2450015v1_Chenopodium_formosanum,ASM4057146v1_Chenopodium_quinoa_quinoa,ASM4671857v1_Chenopodium_vulvaria,0.5395348837209303,0.2534883720930233,0.2069767441860465,430.0
20,ASM168700v1_Chenopodium_pallidicaule,ASM168702v1_Chenopodium_suecicum,ASM4671844v1_Chenopodium_ficifolium,ASM4671857v1_Chenopodium_vulvaria,0.02564102564102564,0.01282051282051282,0.9615384615384616,78.0
21,ASM168700v1_Chenopodium_pallidicaule,ASM2450015v1_Chenopodium_formosanum,ASM4671844v1_Chenopodium_ficifolium,ASM4671857v1_Chenopodium_vulvaria,0.03488372093023256,0.023255813953488372,0.9418604651162791,86.0
22,ASM168702v1_Chenopodium_suecicum,ASM2450015v1_Chenopodium_formosanum,ASM4671844v1_Chenopodium_ficifolium,ASM4671857v1_Chenopodium_vulvaria,0.5212527964205816,0.27740492170022374,0.20134228187919462,447.0
23,ASM168700v1_Chenopodium_pallidicaule,ASM4057146v1_Chenopodium_quinoa_quinoa,ASM4671844v1_Chenopodium_ficifolium,ASM4671857v1_Chenopodium_vulvaria,0.14942528735632185,0.011494252873563218,0.8390804597701149,87.0
24,ASM168702v1_Chenopodium_suecicum,ASM4057146v1_Chenopodium_quinoa_quinoa,ASM4671844v1_Chenopodium_ficifolium,ASM4671857v1_Chenopodium_vulvaria,0.11161731207289294,0.1571753986332574,0.7312072892938497,439.0
25,ASM2450015v1_Chenopodium_formosanum,ASM4057146v1_Chenopodium_quinoa_quinoa,ASM4671844v1_Chenopodium_ficifolium,ASM4671857v1_Chenopodium_vulvaria,0.10434782608695652,0.13043478260869565,0.7652173913043478,460.0
26,ASM168700v1_Chenopodium_pallidicaule,ASM168702v1_Chenopodium_suecicum,ASM4671852v1_Chenopodium_opulifolium,ASM4671857v1_Chenopodium_vulvaria,0.05333333333333334,0.02666666666666667,0.92,75.0
27,ASM168700v1_Chenopodium_pallidicaule,ASM2450015v1_Chenopodium_formosanum,ASM4671852v1_Chenopodium_opulifolium,ASM4671857v1_Chenopodium_vulvaria,0.16,0.14153846153846153,0.6984615384615385,325.0
28,ASM168702v1_Chenopodium_suecicum,ASM2450015v1_Chenopodium_formosanum,ASM4671852v1_Chenopodium_opulifolium,ASM4671857v1_Chenopodium_vulvaria,0.2608695652173913,0.6086956521739131,0.13043478260869565,414.0
29,ASM168700v1_Chenopodium_pallidicaule,ASM4057146v1_Chenopodium_quinoa_quinoa,ASM4671852v1_Chenopodium_opulifolium,ASM4671857v1_Chenopodium_vulvaria,0.7643097643097643,0.03367003367003367,0.20202020202020202,297.0
30,ASM168702v1_Chenopodium_suecicum,ASM4057146v1_Chenopodium_quinoa_quinoa,ASM4671852v1_Chenopodium_opulifolium,ASM4671857v1_Chenopodium_vulvaria,0.17676767676767677,0.7222222222222222,0.10101010101010101,396.0
31,ASM2450015v1_Chenopodium_formosanum,ASM4057146v1_Chenopodium_quinoa_quinoa,ASM4671852v1_Chenopodium_opulifolium,ASM4671857v1_Chenopodium_vulvaria,0.22553897180762852,0.5439469320066335,0.23051409618573798,603.0
32,ASM168700v1_Chenopodium_pallidicaule,ASM4671844v1_Chenopodium_ficifolium,ASM4671852v1_Chenopodium_opulifolium,ASM4671857v1_Chenopodium_vulvaria,0.06578947368421052,0.039473684210526314,0.8947368421052632,76.0
33,ASM168702v1_Chenopodium_suecicum,ASM4671844v1_Chenopodium_ficifolium,ASM4671852v1_Chenopodium_opulifolium,ASM4671857v1_Chenopodium_vulvaria,0.21844660194174756,0.6796116504854369,0.10194174757281553,412.0
34,ASM2450015v1_Chenopodium_formosanum,ASM4671844v1_Chenopodium_ficifolium,ASM4671852v1_Chenopodium_opulifolium,ASM4671857v1_Chenopodium_vulvaria,0.2942528735632184,0.47126436781609193,0.23448275862068965,435.0
35,ASM4057146v1_Chenopodium_quinoa_quinoa,ASM4671844v1_Chenopodium_ficifolium,ASM4671852v1_Chenopodium_opulifolium,ASM4671857v1_Chenopodium_vulvaria,0.7572115384615384,0.09134615384615384,0.15144230769230768,416.0
36,ASM168700v1_Chenopodium_pallidicaule,ASM168702v1_Chenopodium_suecicum,ASM2450015v1_Chenopodium_formosanum,ASM4671859v1_Chenopodium_sosnowskyi,0.030927835051546393,0.010309278350515464,0.9587628865979382,97.0
37,ASM168700v1_Chenopodium_pallidicaule,ASM168702v1_Chenopodium_suecicum,ASM4057146v1_Chenopodium_quinoa_quinoa,ASM4671859v1_Chenopodium_sosnowskyi,0.08163265306122448,0.16326530612244897,0.7551020408163265,98.0
38,ASM168700v1_Chenopodium_pallidicaule,ASM2450015v1_Chenopodium_formosanum,ASM4057146v1_Chenopodium_quinoa_quinoa,ASM4671859v1_Chenopodium_sosnowskyi,0.06823529411764706,0.6588235294117647,0.27294117647058824,425.0
39,ASM168702v1_Chenopodium_suecicum,ASM2450015v1_Chenopodium_formosanum,ASM4057146v1_Chenopodium_quinoa_quinoa,ASM4671859v1_Chenopodium_sosnowskyi,0.5547945205479452,0.24885844748858446,0.1963470319634703,438.0
40,ASM168700v1_Chenopodium_pallidicaule,ASM168702v1_Chenopodium_suecicum,ASM4671844v1_Chenopodium_ficifolium,ASM4671859v1_Chenopodium_sosnowskyi,0.045454545454545456,0.011363636363636364,0.9431818181818182,88.0
41,ASM168700v1_Chenopodium_pallidicaule,ASM2450015v1_Chenopodium_formosanum,ASM4671844v1_Chenopodium_ficifolium,ASM4671859v1_Chenopodium_sosnowskyi,0.05102040816326531,0.02040816326530612,0.9285714285714286,98.0
42,ASM168702v1_Chenopodium_suecicum,ASM2450015v1_Chenopodium_formosanum,ASM4671844v1_Chenopodium_ficifolium,ASM4671859v1_Chenopodium_sosnowskyi,0.5244444444444445,0.28,0.19555555555555557,450.0
43,ASM168700v1_Chenopodium_pallidicaule,ASM4057146v1_Chenopodium_quinoa_quinoa,ASM4671844v1_Chenopodium_ficifolium,ASM4671859v1_Chenopodium_sosnowskyi,0.14285714285714285,0.030612244897959183,0.826530612244898,98.0
44,ASM168702v1_Chenopodium_suecicum,ASM4057146v1_Chenopodium_quinoa_quinoa,ASM4671844v1_Chenopodium_ficifolium,ASM4671859v1_Chenopodium_sosnowskyi,0.1085972850678733,0.16515837104072398,0.7262443438914027,442.0
45,ASM2450015v1_Chenopodium_formosanum,ASM4057146v1_Chenopodium_quinoa_quinoa,ASM4671844v1_Chenopodium_ficifolium,ASM4671859v1_Chenopodium_sosnowskyi,0.10129310344827586,0.12931034482758622,0.7693965517241379,464.0
46,ASM168700v1_Chenopodium_pallidicaule,ASM168702v1_Chenopodium_suecicum,ASM4671852v1_Chenopodium_opulifolium,ASM4671859v1_Chenopodium_sosnowskyi,0.04395604395604396,0.03296703296703297,0.9230769230769231,91.0
47,ASM168700v1_Chenopodium_pallidicaule,ASM2450015v1_Chenopodium_formosanum,ASM4671852v1_Chenopodium_opulifolium,ASM4671859v1_Chenopodium_sosnowskyi,0.0958904109589041,0.07534246575342465,0.8287671232876712,438.0
48,ASM168702v1_Chenopodium_suecicum,ASM2450015v1_Chenopodium_formosanum,ASM4671852v1_Chenopodium_opulifolium,ASM4671859v1_Chenopodium_sosnowskyi,0.2559241706161137,0.6090047393364929,0.13507109004739337,422.0
49,ASM168700v1_Chenopodium_pallidicaule,ASM4057146v1_Chenopodium_quinoa_quinoa,ASM4671852v1_Chenopodium_opulifolium,ASM4671859v1_Chenopodium_sosnowskyi,0.6848341232227488,0.07582938388625593,0.23933649289099526,422.0
